Before sorting:
Only first 100 elements: [-1178890462, -1096385927, 214935723, -895356382, -2044247191, -1401121387, -800908818, -157736422, -693408597, -1375790085, -1511888582, 1396535015, 1236652018, -1773288817, 577722580, 1387032977, -1489280708, 943592447, -1307881970, 2016044028, 580999734, -708953540, 355815336, -16430724, 1079671114, -1172935899, 608110195, 19500206, 543861979, 445115525, -1921080265, -637393275, 1499705039, 490988351, -1501702954, -380919133, 1469142093, -1348247097, -373023312, -1675455255, -231434809, -181573164, 1272794953, 1712018513, 2031653690, -661727917, 153283881, -784724230, 1069357236, 561207966, -455495677, 306154372, -989436138, 1433280493, 1738704409, 951069597, 790250779, 974361100, -2125416994, -1583348772, 1460575384, -1571982770, -282261796, 1126702285, -7460859, 336416705, -171436840, -1630129844, -1059326917, 84991906, -889441997, 355040790, 1810283135, -525407981, -1948158318, 995391132, 564745918, -1529169909, -1048775999, 262435610, -1675239910, -990426227, 1612581588, 627944424, 1864178085, -1259162852, 1458273679, 1617630736, -1602459285, 1236619117, 1364436999, -1368984288, 1872253877, 880274014, 1093267592, -2047199680, -2031467380, -1337009625, -797606983, 1199433862, ...]

After bubble sorting:
Only first 100 elements: [-2147471538, -2147471485, -2147469145, -2147465956, -2147464608, -2147462456, -2147455358, -2147451290, -2147436433, -2147433414, -2147433174, -2147431511, -2147431193, -2147422599, -2147418751, -2147418310, -2147415969, -2147413257, -2147404872, -2147398346, -2147391554, -2147388199, -2147386738, -2147386683, -2147384840, -2147383433, -2147368633, -2147368048, -2147356826, -2147355928, -2147351417, -2147345072, -2147343037, -2147340140, -2147333471, -2147332169, -2147331512, -2147327956, -2147327653, -2147326741, -2147325309, -2147320395, -2147313258, -2147312439, -2147309409, -2147306769, -2147301343, -2147299379, -2147293243, -2147292540, -2147287043, -2147279335, -2147278596, -2147278405, -2147275256, -2147274181, -2147265328, -2147259983, -2147254947, -2147250789, -2147250176, -2147247826, -2147240533, -2147235397, -2147230353, -2147226795, -2147225200, -2147223640, -2147221747, -2147212149, -2147211606, -2147208595, -2147201128, -2147198788, -2147196140, -2147192180, -2147191818, -2147189563, -2147188588, -2147186217, -2147180717, -2147176267, -2147168600, -2147166249, -2147160308, -2147159776, -2147159131, -2147152312, -2147150526, -2147140426, -2147137907, -2147134755, -2147132906, -2147130842, -2147130042, -2147129513, -2147128929, -2147128794, -2147119024, -2147116404, ...]
Time is: 2172.63 seconds.

After selection sorting:
Only first 100 elements: [-2147471538, -2147471485, -2147469145, -2147465956, -2147464608, -2147462456, -2147455358, -2147451290, -2147436433, -2147433414, -2147433174, -2147431511, -2147431193, -2147422599, -2147418751, -2147418310, -2147415969, -2147413257, -2147404872, -2147398346, -2147391554, -2147388199, -2147386738, -2147386683, -2147384840, -2147383433, -2147368633, -2147368048, -2147356826, -2147355928, -2147351417, -2147345072, -2147343037, -2147340140, -2147333471, -2147332169, -2147331512, -2147327956, -2147327653, -2147326741, -2147325309, -2147320395, -2147313258, -2147312439, -2147309409, -2147306769, -2147301343, -2147299379, -2147293243, -2147292540, -2147287043, -2147279335, -2147278596, -2147278405, -2147275256, -2147274181, -2147265328, -2147259983, -2147254947, -2147250789, -2147250176, -2147247826, -2147240533, -2147235397, -2147230353, -2147226795, -2147225200, -2147223640, -2147221747, -2147212149, -2147211606, -2147208595, -2147201128, -2147198788, -2147196140, -2147192180, -2147191818, -2147189563, -2147188588, -2147186217, -2147180717, -2147176267, -2147168600, -2147166249, -2147160308, -2147159776, -2147159131, -2147152312, -2147150526, -2147140426, -2147137907, -2147134755, -2147132906, -2147130842, -2147130042, -2147129513, -2147128929, -2147128794, -2147119024, -2147116404, ...]
Time is: 319.606 seconds.

After insertion sorting:
Only first 100 elements: [-2147471538, -2147471485, -2147469145, -2147465956, -2147464608, -2147462456, -2147455358, -2147451290, -2147436433, -2147433414, -2147433174, -2147431511, -2147431193, -2147422599, -2147418751, -2147418310, -2147415969, -2147413257, -2147404872, -2147398346, -2147391554, -2147388199, -2147386738, -2147386683, -2147384840, -2147383433, -2147368633, -2147368048, -2147356826, -2147355928, -2147351417, -2147345072, -2147343037, -2147340140, -2147333471, -2147332169, -2147331512, -2147327956, -2147327653, -2147326741, -2147325309, -2147320395, -2147313258, -2147312439, -2147309409, -2147306769, -2147301343, -2147299379, -2147293243, -2147292540, -2147287043, -2147279335, -2147278596, -2147278405, -2147275256, -2147274181, -2147265328, -2147259983, -2147254947, -2147250789, -2147250176, -2147247826, -2147240533, -2147235397, -2147230353, -2147226795, -2147225200, -2147223640, -2147221747, -2147212149, -2147211606, -2147208595, -2147201128, -2147198788, -2147196140, -2147192180, -2147191818, -2147189563, -2147188588, -2147186217, -2147180717, -2147176267, -2147168600, -2147166249, -2147160308, -2147159776, -2147159131, -2147152312, -2147150526, -2147140426, -2147137907, -2147134755, -2147132906, -2147130842, -2147130042, -2147129513, -2147128929, -2147128794, -2147119024, -2147116404, ...]
Time is: 711.396 seconds.

Are sorted arrayes equal: true

Matrix filled with a spiral is:
1, 2, 3, 4, 5
16, 17, 18, 19, 6
15, 24, 25, 20, 7
14, 23, 22, 21, 8
13, 12, 11, 10, 9
